# relative_time, cycles_done, cur_item, corpus_count, pending_total, pending_favs, map_size, saved_crashes, saved_hangs, max_depth, execs_per_sec, total_execs, edges_found
62, 8, 5, 15, 0, 0, 0.00%, 2, 15, 3, 357.07, 15730, 225
67, 9, 10, 15, 0, 0, 0.00%, 2, 15, 3, 355.29, 17491, 225
72, 11, 2, 15, 0, 0, 0.00%, 2, 15, 3, 453.87, 19831, 225
77, 12, 13, 15, 0, 0, 0.00%, 2, 15, 3, 442.43, 22106, 225
82, 14, 10, 15, 0, 0, 0.00%, 2, 15, 3, 392.58, 24062, 225
87, 15, 7, 15, 0, 0, 0.00%, 2, 15, 3, 366.82, 25909, 225
93, 16, 5, 15, 0, 0, 0.00%, 2, 15, 3, 358.68, 27727, 225
98, 17, 5, 15, 0, 0, 0.00%, 2, 15, 3, 353.96, 29532, 225
103, 19, 7, 15, 0, 0, 0.00%, 2, 15, 3, 379.81, 31430, 225
108, 19, 8, 15, 0, 0, 0.00%, 2, 15, 3, 327.73, 33069, 225
113, 21, 13, 15, 0, 0, 0.00%, 2, 15, 3, 365.39, 34987, 225
118, 22, 7, 15, 0, 0, 0.00%, 2, 15, 3, 377.92, 36852, 225
123, 23, 10, 15, 0, 0, 0.00%, 2, 15, 3, 352.31, 38565, 225
129, 24, 4, 15, 0, 0, 0.00%, 2, 15, 3, 339.48, 40371, 225
134, 25, 2, 15, 0, 0, 0.00%, 2, 15, 3, 305.36, 41947, 225
139, 26, 9, 15, 0, 0, 0.00%, 2, 15, 3, 285.62, 43370, 225
144, 27, 13, 15, 0, 0, 0.00%, 2, 15, 3, 322.63, 45029, 225
149, 28, 9, 15, 0, 0, 0.00%, 2, 15, 3, 360.58, 47011, 225
154, 29, 0, 15, 0, 0, 0.00%, 2, 15, 3, 417.87, 49175, 225
159, 31, 10, 15, 0, 0, 0.00%, 2, 15, 3, 339.36, 50821, 225
165, 31, 9, 15, 0, 0, 0.00%, 2, 15, 3, 377.58, 52786, 225
170, 33, 0, 15, 0, 0, 0.00%, 2, 15, 3, 370.65, 54548, 225
175, 34, 4, 15, 0, 0, 0.00%, 2, 15, 3, 344.81, 56321, 225
180, 35, 7, 15, 0, 0, 0.00%, 2, 15, 3, 361.75, 58192, 225
185, 37, 13, 15, 0, 0, 0.00%, 2, 15, 3, 411.37, 60399, 225
190, 38, 0, 15, 0, 0, 0.00%, 2, 15, 3, 424.08, 62501, 225
195, 39, 2, 15, 0, 0, 0.00%, 2, 15, 3, 387.13, 64477, 225
200, 41, 0, 15, 0, 0, 0.00%, 2, 15, 3, 348.59, 66267, 225
205, 42, 2, 15, 0, 0, 0.00%, 2, 15, 3, 391.41, 68188, 225
211, 43, 6, 15, 0, 0, 0.00%, 2, 15, 3, 395.75, 70201, 225
216, 44, 8, 15, 0, 0, 0.00%, 2, 15, 3, 387.80, 72009, 225
221, 46, 5, 15, 0, 0, 0.00%, 2, 15, 3, 323.31, 73601, 225
226, 47, 13, 15, 0, 0, 0.00%, 2, 15, 3, 353.61, 75504, 225
231, 48, 0, 15, 0, 0, 0.00%, 2, 15, 3, 356.81, 77371, 225
236, 49, 13, 15, 0, 0, 0.00%, 2, 15, 3, 380.87, 79195, 225
241, 50, 7, 15, 0, 0, 0.00%, 2, 15, 3, 396.09, 81259, 225
246, 52, 13, 15, 0, 0, 0.00%, 2, 15, 3, 386.43, 83170, 225
252, 53, 8, 15, 0, 0, 0.00%, 2, 15, 3, 369.92, 85187, 225
257, 54, 9, 15, 0, 0, 0.00%, 2, 15, 3, 382.33, 87137, 225
262, 55, 0, 15, 0, 0, 0.00%, 2, 15, 3, 371.60, 89099, 225
267, 57, 5, 15, 0, 0, 0.00%, 2, 15, 3, 379.69, 90987, 225
272, 58, 10, 15, 0, 0, 0.00%, 2, 15, 3, 356.30, 92787, 225
277, 59, 8, 15, 0, 0, 0.00%, 2, 15, 3, 363.92, 94617, 225
282, 61, 2, 15, 0, 0, 0.00%, 2, 15, 3, 378.69, 96662, 225
287, 62, 7, 15, 0, 0, 0.00%, 2, 15, 3, 325.29, 98316, 225
293, 63, 2, 15, 0, 0, 0.00%, 2, 15, 3, 344.99, 100088, 225
298, 64, 9, 15, 0, 0, 0.00%, 3, 15, 3, 306.86, 101602, 225
303, 65, 0, 15, 0, 0, 0.00%, 3, 15, 3, 348.74, 103322, 225
308, 66, 13, 15, 0, 0, 0.00%, 3, 15, 3, 379.79, 105344, 225
313, 68, 6, 15, 0, 0, 0.00%, 3, 15, 3, 401.66, 107374, 225
318, 69, 0, 15, 0, 0, 0.00%, 3, 15, 3, 409.19, 109508, 225
323, 70, 5, 15, 0, 0, 0.00%, 3, 15, 3, 387.81, 111423, 225
328, 72, 6, 15, 0, 0, 0.00%, 3, 15, 3, 465.09, 113809, 225
333, 73, 13, 15, 0, 0, 0.00%, 3, 15, 3, 399.97, 115688, 225
339, 74, 5, 15, 0, 0, 0.00%, 3, 15, 3, 377.76, 117616, 225
344, 75, 5, 15, 0, 0, 0.00%, 3, 15, 3, 386.12, 119494, 225
349, 77, 8, 15, 0, 0, 0.00%, 3, 15, 3, 384.77, 121481, 225
354, 78, 9, 15, 0, 0, 0.00%, 3, 15, 3, 390.40, 123479, 225
359, 79, 9, 15, 0, 0, 0.00%, 3, 15, 3, 415.13, 125589, 225
364, 80, 2, 15, 0, 0, 0.00%, 3, 15, 3, 304.37, 127059, 225
369, 81, 9, 15, 0, 0, 0.00%, 3, 15, 3, 334.82, 128809, 225
375, 82, 13, 15, 0, 0, 0.00%, 3, 15, 3, 394.12, 130984, 225
380, 83, 9, 15, 0, 0, 0.00%, 3, 15, 3, 391.52, 132877, 225
385, 85, 0, 15, 0, 0, 0.00%, 3, 15, 3, 390.88, 134820, 225
390, 86, 9, 15, 0, 0, 0.00%, 3, 15, 3, 351.32, 136548, 225
395, 87, 0, 15, 0, 0, 0.00%, 3, 15, 3, 343.97, 138345, 225
400, 88, 2, 15, 0, 0, 0.00%, 3, 15, 3, 351.96, 140134, 225
406, 89, 10, 15, 0, 0, 0.00%, 3, 15, 3, 326.75, 141894, 225
411, 90, 9, 15, 0, 0, 0.00%, 3, 15, 3, 348.89, 143747, 225
416, 91, 9, 15, 0, 0, 0.00%, 3, 15, 3, 361.17, 145617, 225
421, 92, 10, 15, 0, 0, 0.00%, 3, 15, 3, 317.32, 147194, 225
426, 93, 10, 15, 0, 0, 0.00%, 3, 15, 3, 361.02, 149040, 225
432, 94, 13, 15, 0, 0, 0.00%, 3, 15, 3, 329.84, 150752, 225
437, 96, 8, 15, 0, 0, 0.00%, 3, 15, 3, 349.55, 152471, 225
442, 97, 10, 15, 0, 0, 0.00%, 3, 15, 3, 344.48, 154273, 225
447, 97, 8, 15, 0, 0, 0.00%, 3, 15, 3, 337.10, 156013, 225
452, 99, 8, 15, 0, 0, 0.00%, 3, 15, 3, 372.44, 157963, 225
457, 100, 10, 15, 0, 0, 0.00%, 3, 15, 3, 317.68, 159559, 225
462, 101, 0, 15, 0, 0, 0.00%, 3, 15, 3, 324.05, 161253, 225
468, 102, 13, 15, 0, 0, 0.00%, 3, 15, 3, 296.76, 162756, 225
473, 103, 10, 15, 0, 0, 0.00%, 3, 15, 3, 303.97, 164206, 225
478, 104, 13, 15, 0, 0, 0.00%, 3, 15, 3, 361.32, 166076, 225
483, 105, 9, 15, 0, 0, 0.00%, 3, 15, 3, 383.39, 167961, 225
488, 106, 0, 15, 0, 0, 0.00%, 3, 15, 3, 381.14, 169856, 225
493, 107, 10, 15, 0, 0, 0.00%, 3, 15, 3, 384.50, 171842, 225
498, 109, 4, 15, 0, 0, 0.00%, 3, 15, 3, 402.81, 173952, 225
503, 110, 8, 15, 0, 0, 0.00%, 3, 15, 3, 373.53, 175799, 225
508, 111, 9, 15, 0, 0, 0.00%, 3, 15, 3, 365.14, 177572, 225
513, 112, 13, 15, 0, 0, 0.00%, 3, 15, 3, 314.02, 179209, 225
519, 114, 9, 15, 0, 0, 0.00%, 3, 15, 3, 364.74, 181182, 225
524, 115, 5, 15, 0, 0, 0.00%, 3, 15, 3, 353.80, 183003, 225
529, 116, 0, 15, 0, 0, 0.00%, 3, 15, 3, 362.79, 184767, 225
534, 117, 4, 15, 0, 0, 0.00%, 3, 15, 3, 363.07, 186649, 225
539, 118, 0, 15, 0, 0, 0.00%, 3, 15, 3, 356.64, 188377, 225
544, 119, 10, 15, 0, 0, 0.00%, 3, 15, 3, 369.15, 190206, 225
549, 120, 10, 15, 0, 0, 0.00%, 3, 15, 3, 372.96, 192104, 225
554, 121, 0, 15, 0, 0, 0.00%, 3, 15, 3, 407.83, 194167, 225
560, 122, 0, 15, 0, 0, 0.00%, 3, 15, 3, 324.42, 195820, 225
565, 123, 10, 15, 0, 0, 0.00%, 3, 15, 3, 354.76, 197611, 225
570, 124, 9, 15, 0, 0, 0.00%, 3, 15, 3, 368.86, 199504, 225
575, 125, 7, 15, 0, 0, 0.00%, 3, 15, 3, 343.13, 201307, 225
580, 126, 10, 15, 0, 0, 0.00%, 3, 15, 3, 366.41, 203124, 225
585, 127, 9, 15, 0, 0, 0.00%, 3, 15, 3, 380.41, 204990, 225
590, 128, 9, 15, 0, 0, 0.00%, 3, 15, 3, 351.44, 206758, 225
595, 130, 5, 15, 0, 0, 0.00%, 3, 15, 3, 347.76, 208544, 225
600, 131, 7, 15, 0, 0, 0.00%, 3, 15, 3, 375.01, 210448, 225
605, 132, 8, 15, 0, 0, 0.00%, 3, 15, 3, 357.61, 212242, 225
611, 134, 8, 15, 0, 0, 0.00%, 3, 15, 3, 403.27, 214416, 225
616, 135, 4, 15, 0, 0, 0.00%, 3, 15, 3, 380.51, 216459, 225
621, 136, 10, 15, 0, 0, 0.00%, 3, 15, 3, 346.77, 218273, 225
626, 137, 7, 15, 0, 0, 0.00%, 3, 15, 3, 358.07, 220149, 225
631, 138, 8, 15, 0, 0, 0.00%, 3, 15, 3, 413.64, 222357, 225
636, 139, 7, 15, 0, 0, 0.00%, 3, 15, 3, 386.40, 224187, 225
641, 141, 7, 15, 0, 0, 0.00%, 3, 15, 3, 394.41, 226241, 225
646, 142, 2, 15, 0, 0, 0.00%, 3, 15, 3, 372.69, 228131, 225
652, 143, 7, 15, 0, 0, 0.00%, 3, 15, 3, 400.48, 230268, 225
657, 145, 1, 15, 0, 0, 0.00%, 3, 15, 3, 400.54, 232231, 225
662, 146, 13, 15, 0, 0, 0.00%, 3, 15, 3, 423.29, 234476, 225
667, 147, 7, 15, 0, 0, 0.00%, 3, 15, 3, 369.31, 236345, 225
672, 148, 10, 15, 0, 0, 0.00%, 3, 15, 3, 362.42, 238250, 225
677, 149, 2, 15, 0, 0, 0.00%, 3, 15, 3, 347.49, 240041, 225
682, 151, 8, 15, 0, 0, 0.00%, 3, 15, 3, 408.25, 242055, 225
688, 152, 5, 15, 0, 0, 0.00%, 3, 15, 3, 349.45, 243845, 225
693, 153, 9, 15, 0, 0, 0.00%, 3, 15, 3, 392.18, 245774, 225
698, 155, 4, 15, 0, 0, 0.00%, 3, 15, 3, 421.93, 247993, 225
703, 156, 2, 15, 0, 0, 0.00%, 3, 15, 3, 404.26, 249907, 225
708, 157, 7, 15, 0, 0, 0.00%, 3, 15, 3, 403.32, 251834, 225
713, 158, 4, 15, 0, 0, 0.00%, 3, 15, 3, 361.98, 253663, 225
718, 159, 8, 15, 0, 0, 0.00%, 3, 15, 3, 374.80, 255502, 225
723, 160, 7, 15, 0, 0, 0.00%, 3, 15, 3, 400.56, 257467, 225
729, 162, 10, 15, 0, 0, 0.00%, 3, 15, 3, 384.88, 259362, 225
734, 163, 13, 15, 0, 0, 0.00%, 3, 15, 3, 411.61, 261438, 225
739, 164, 2, 15, 0, 0, 0.00%, 3, 15, 3, 373.53, 263266, 225
744, 165, 4, 15, 0, 0, 0.00%, 3, 15, 3, 347.44, 264933, 225
749, 166, 13, 15, 0, 0, 0.00%, 3, 15, 3, 375.09, 266937, 225
754, 168, 0, 15, 0, 0, 0.00%, 3, 15, 3, 379.55, 268805, 225
759, 169, 2, 15, 0, 0, 0.00%, 3, 15, 3, 415.19, 270967, 225
764, 170, 2, 15, 0, 0, 0.00%, 3, 15, 3, 378.40, 272962, 225
770, 172, 2, 15, 0, 0, 0.00%, 3, 15, 3, 371.82, 274812, 225
775, 173, 13, 15, 0, 0, 0.00%, 3, 15, 3, 372.02, 276788, 225
780, 174, 7, 15, 0, 0, 0.00%, 3, 15, 3, 394.48, 278788, 225
785, 175, 10, 15, 0, 0, 0.00%, 3, 15, 3, 374.76, 280729, 225
790, 177, 1, 15, 0, 0, 0.00%, 3, 15, 3, 406.15, 282801, 225
795, 178, 4, 15, 0, 0, 0.00%, 3, 15, 3, 403.55, 284858, 225
800, 179, 2, 15, 0, 0, 0.00%, 3, 15, 3, 413.31, 286958, 225
806, 180, 4, 15, 0, 0, 0.00%, 3, 15, 3, 376.55, 288877, 225
811, 182, 9, 15, 0, 0, 0.00%, 3, 15, 3, 348.05, 290558, 225
816, 183, 10, 15, 0, 0, 0.00%, 3, 15, 3, 386.40, 292470, 225
821, 184, 5, 15, 0, 0, 0.00%, 3, 15, 3, 387.90, 294441, 225
826, 185, 5, 15, 0, 0, 0.00%, 3, 15, 3, 409.48, 296492, 225
831, 186, 5, 15, 0, 0, 0.00%, 3, 15, 3, 427.73, 298681, 225
836, 188, 10, 15, 0, 0, 0.00%, 3, 15, 3, 381.54, 300456, 225
841, 189, 10, 15, 0, 0, 0.00%, 3, 15, 3, 384.21, 302511, 225
846, 190, 9, 15, 0, 0, 0.00%, 3, 15, 3, 355.26, 304221, 225
851, 192, 10, 15, 0, 0, 0.00%, 3, 15, 3, 363.08, 306159, 225
856, 193, 8, 15, 0, 0, 0.00%, 3, 15, 3, 397.46, 308248, 225
861, 194, 5, 15, 0, 0, 0.00%, 3, 15, 3, 355.23, 310041, 225
866, 195, 10, 15, 0, 0, 0.00%, 3, 15, 3, 410.90, 312022, 225
872, 196, 7, 15, 0, 0, 0.00%, 3, 15, 3, 415.53, 314142, 225
877, 197, 2, 15, 0, 0, 0.00%, 3, 15, 3, 386.85, 316066, 225
882, 199, 10, 15, 0, 0, 0.00%, 3, 15, 3, 363.29, 317947, 225
887, 200, 13, 15, 0, 0, 0.00%, 3, 15, 3, 365.08, 319741, 225
892, 201, 5, 15, 0, 0, 0.00%, 3, 15, 3, 377.11, 321683, 225
897, 202, 6, 15, 0, 0, 0.00%, 3, 15, 3, 371.14, 323556, 225
902, 203, 5, 15, 0, 0, 0.00%, 3, 15, 3, 411.73, 325640, 225
907, 205, 13, 15, 0, 0, 0.00%, 3, 15, 3, 387.49, 327559, 225
912, 206, 2, 15, 0, 0, 0.00%, 3, 15, 3, 393.20, 329509, 225
918, 207, 5, 15, 0, 0, 0.00%, 3, 15, 3, 385.34, 331533, 225
923, 208, 13, 15, 0, 0, 0.00%, 3, 15, 3, 395.36, 333584, 225
928, 209, 13, 15, 0, 0, 0.00%, 3, 15, 3, 393.29, 335584, 225
933, 210, 5, 15, 0, 0, 0.00%, 3, 15, 3, 406.02, 337598, 225
938, 212, 8, 15, 0, 0, 0.00%, 3, 15, 3, 378.98, 339412, 225
943, 213, 10, 15, 0, 0, 0.00%, 3, 15, 3, 399.19, 341416, 225
948, 214, 10, 15, 0, 0, 0.00%, 3, 15, 3, 432.21, 343559, 225
953, 216, 0, 15, 0, 0, 0.00%, 3, 15, 3, 403.30, 345542, 225
958, 217, 10, 15, 0, 0, 0.00%, 3, 15, 3, 406.90, 347489, 225
963, 218, 10, 15, 0, 0, 0.00%, 3, 15, 3, 394.22, 349538, 225
968, 219, 5, 15, 0, 0, 0.00%, 3, 15, 3, 414.11, 351565, 225
974, 220, 0, 15, 0, 0, 0.00%, 3, 15, 3, 340.27, 353365, 225
979, 221, 5, 15, 0, 0, 0.00%, 3, 15, 3, 397.31, 355456, 225
984, 223, 13, 15, 0, 0, 0.00%, 3, 15, 3, 395.19, 357505, 225
989, 224, 12, 15, 0, 0, 0.00%, 3, 15, 3, 341.18, 359234, 225
994, 225, 13, 15, 0, 0, 0.00%, 3, 15, 3, 330.21, 360904, 225
999, 226, 1, 15, 0, 0, 0.00%, 3, 15, 3, 361.65, 362692, 225
1004, 227, 9, 15, 0, 0, 0.00%, 3, 15, 3, 403.10, 364750, 225
1009, 228, 13, 15, 0, 0, 0.00%, 3, 15, 3, 399.27, 366922, 225
1015, 229, 7, 15, 0, 0, 0.00%, 3, 15, 3, 329.52, 368482, 225
1020, 230, 7, 15, 0, 0, 0.00%, 3, 15, 3, 367.10, 370308, 225
1025, 231, 8, 15, 0, 0, 0.00%, 3, 15, 3, 300.87, 371805, 225
1030, 232, 2, 15, 0, 0, 0.00%, 3, 15, 3, 280.64, 373215, 225
1035, 233, 13, 15, 0, 0, 0.00%, 3, 15, 3, 321.11, 374984, 225
1040, 234, 1, 15, 0, 0, 0.00%, 3, 15, 3, 304.11, 376440, 225
1045, 235, 9, 15, 0, 0, 0.00%, 3, 15, 3, 297.15, 377901, 225
1050, 236, 0, 15, 0, 0, 0.00%, 3, 15, 3, 324.32, 379459, 225
1055, 237, 5, 15, 0, 0, 0.00%, 3, 15, 3, 333.26, 381138, 225
1060, 238, 13, 15, 0, 0, 0.00%, 3, 15, 3, 344.59, 382901, 225
1061, 238, 0, 15, 0, 0, 0.00%, 3, 15, 3, 328.32, 383189, 225
